
Testing for QR-decomposition:
R matrix = 
      6.86       3.79       5.16 
         0        1.9      0.274 
         0          0       2.03 

A = 
      3.36       0.79       1.91 
      1.58       1.34       2.52 
      3.13       3.07       1.46 
      3.19       1.11       2.05 
      3.65       2.22       3.81 

Q*R = 
      3.36       0.79       1.91 
      1.58       1.34       2.52 
      3.13       3.07       1.46 
      3.19       1.11       2.05 
      3.65       2.22       3.81 

QT * Q = 
         1  -3.54e-16     -5e-16 
 -3.54e-16          1  -9.02e-17 
    -5e-16  -9.02e-17          1 



Testing for QR-Solve:
A matrix = 
      3.66       2.54       2.87      0.566 
    0.0652      0.972      0.549       3.22 
       1.6      0.519      0.435          4 
      2.05       3.36       2.45       1.18 

b vector = 
      2.43
     0.627
     0.873
      2.55

QRx=b    =>     x = 
     0.346
      0.71
    -0.227
    0.0122

A*x =      (should be b)
      2.43
     0.627
     0.873
      2.55



Testing for QR-Inverse:
A matrix = 
       2.1       1.97       3.89       1.17       3.09 
      3.08        1.6       3.57       1.13       1.41 
      3.68      0.279        3.8        2.1      0.344 
      2.65       3.56        1.4      0.257     0.0801 
     0.252      0.953       3.88       3.61        3.4 

A-1 matrix = 
       4.4      -7.79       3.58       1.09      -1.14 
     -1.33       2.24      -1.14   -0.00523      0.394 
     -5.53       10.2      -4.41      -1.53       1.26 
      1.75      -3.93        1.8      0.698     -0.156 
      4.51      -7.57       3.17      0.922     -0.999 

A*A-1 =      (should be I)
         1  -3.55e-15  -7.11e-15  -6.66e-15   6.22e-15 
 -5.33e-15          1   7.11e-15   9.99e-15  -8.22e-15 
 -4.44e-15   4.44e-16          1  -6.77e-15   5.22e-15 
 -4.55e-15   9.21e-15  -7.61e-15          1    3.4e-15 
  5.33e-15  -1.07e-14   8.88e-15   4.44e-15          1 

A-1*A =      (should be I)
         1  -6.09e-13  -6.79e-13  -4.44e-14   1.73e-13 
  3.49e-13          1   1.99e-13   1.29e-14  -4.97e-14 
  1.55e-12   7.86e-13          1   5.86e-14  -2.18e-13 
 -5.76e-13  -2.94e-13  -3.27e-13          1   8.18e-14 
 -1.16e-12  -5.88e-13  -6.57e-13   -4.4e-14          1 


