
Matrix A:
      0.84      0.394      0.783      0.798 
     0.394      0.912      0.198      0.335 
     0.783      0.198      0.768      0.278 
     0.798      0.335      0.278      0.554 

V * D * V^T (should be A):
      0.84      0.394      0.783      0.798 
     0.394      0.912      0.198      0.335 
     0.783      0.198      0.768      0.278 
     0.798      0.335      0.278      0.554 

Matrix D (should be diagonal):
    -0.241  -1.27e-11   1.46e-17  -1.32e-23 
 -1.27e-11      0.352  -1.06e-22  -7.35e-10 
 -5.58e-17  -4.65e-17      0.729   3.41e-12 
 -1.19e-17  -7.35e-10   3.41e-12       2.23 

V^T * A * V (should be D):
    -0.241  -1.27e-11   7.98e-17   5.55e-16 
 -1.27e-11      0.352  -5.72e-17  -7.35e-10 
  1.35e-16  -8.93e-17      0.729   3.41e-12 
  4.86e-16  -7.35e-10   3.41e-12       2.23 

V^T * V (should be unit):
         1  -5.55e-17   2.43e-16   2.22e-16 
 -5.55e-17          1  -6.94e-18  -2.78e-16 
  2.43e-16  -6.94e-18          1   2.95e-17 
  2.22e-16  -2.78e-16   2.95e-17          1 


